Tea:
Edges: [(0, 1), (1, 2), (2, 4), (4, 5), (5, 6), (0, 3), (3, 6), (6, 7), (7, 8), (8, 9), (9, 10), (10, 11)]
Start node: 0
End node: 11

Pinwheels:
Edges: [(0, 1), (1, 2), (2, 3), (3, 4), (4, 5), (5, 6), (6, 7), (7, 12), (12, 8), (8, 9), (9, 10), (10, 11), (11, 13), (13, 14)]
Start node: 0
End node: 14

Oatmeal:
Edges: [(0, 1), (0, 2), (1, 4), (2, 3), (3, 4), (4, 5), (5, 6), (6, 7), (7, 8), (8, 12), (12, 13), (13, 14), (14, 15), (15, 10), (10, 11), (15, 9), (9, 16), (11, 16)]
Start node: 0
End node: 16

Quesadilla:
Edges: [(0, 1), (1, 2), (2, 3), (3, 4), (3, 5), (4, 6), (5, 6), (6, 7), (7, 8), (8, 9)]
Start node: 0
End node: 9

Coffee:
Edges: [(0, 1), (1, 2), (2, 13), (0, 5), (5, 13), (0, 6), (6, 7), (7, 8), (8, 12), (0, 9), (9, 10), (10, 11), (11, 12), (12, 13), (13, 14), (14, 15), (15, 3), (3, 4), (4, 16)]
Start node: 0
End node: 16

Please find the matchings (node index, step descriptions) of each task in our annodation file.